Draw,Date,Letter,Numbers...
3864,2023-Jul-17 Monday,,03,15,35,38
3865,2023-Jul-18 Tuesday,,30,41,52,53
3866,2023-Jul-19 Wednesday,,04,30,39,55
3867,2023-Jul-20 Thursday,,14,22,33,43
3868,2023-Jul-21 Friday,,27,33,34,59
3869,2023-Jul-22 Saturday,,02,37,39,55
3870,2023-Jul-23 Sunday,,09,14,32,36
3871,2023-Jul-24 Monday,,32,42,43,50
3872,2023-Jul-25 Tuesday,,01,05,14,39
3873,2023-Jul-26 Wednesday,,04,36,54,55
3874,2023-Jul-27 Thursday,,20,52,58,60
3875,2023-Jul-28 Friday,,07,28,30,46
3876,2023-Jul-29 Saturday,,09,32,34,53
3877,2023-Jul-30 Sunday,,01,11,32,60
3878,2023-Jul-31 Monday,,14,44,46,58
3879,2023-Aug-01 Tuesday,,24,31,36,39
3880,2023-Aug-02 Wednesday,,06,07,15,31
3881,2023-Aug-03 Thursday,,15,25,40,44
3882,2023-Aug-04 Friday,,15,16,36,49
3883,2023-Aug-05 Saturday,,02,32,33,41
3884,2023-Aug-06 Sunday,,10,34,49,53
3885,2023-Aug-07 Monday,,22,25,38,55
3886,2023-Aug-08 Tuesday,,08,15,35,37
3887,2023-Aug-09 Wednesday,,15,23,36,42
3888,2023-Aug-10 Thursday,,05,11,43,52
3889,2023-Aug-11 Friday,,31,32,46,57
3890,2023-Aug-12 Saturday,,12,16,46,62
3891,2023-Aug-13 Sunday,,05,29,35,51
3892,2023-Aug-14 Monday,,05,25,48,58
3893,2023-Aug-15 Tuesday,,01,25,30,43
3894,2023-Aug-16 Wednesday,,29,45,48,52
3895,2023-Aug-17 Thursday,,07,12,37,59
3896,2023-Aug-18 Friday,,12,18,28,48
3897,2023-Aug-19 Saturday,,02,05,21,37
3898,2023-Aug-20 Sunday,,03,23,52,57
3899,2023-Aug-21 Monday,,28,36,45,55
3900,2023-Aug-22 Tuesday,,27,36,47,62
3901,2023-Aug-23 Wednesday,,03,16,18,41
3902,2023-Aug-24 Thursday,,01,23,31,55
3903,2023-Aug-25 Friday,,13,23,36,59
3904,2023-Aug-26 Saturday,,08,32,48,60
3905,2023-Aug-27 Sunday,,06,11,17,23
3906,2023-Aug-28 Monday,,28,40,45,46
3907,2023-Aug-29 Tuesday,,14,29,30,33
3908,2023-Aug-30 Wednesday,,39,41,53,54
3909,2023-Aug-31 Thursday,,07,12,20,59
3910,2023-Sep-01 Friday,,02,03,04,24
3911,2023-Sep-02 Saturday,,15,26,49,55
3912,2023-Sep-03 Sunday,,39,43,52,60
3913,2023-Sep-04 Monday,,03,25,45,52
3914,2023-Sep-05 Tuesday,,05,11,25,48
3915,2023-Sep-06 Wednesday,,13,42,58,59
3916,2023-Sep-07 Thursday,,31,42,50,57
3917,2023-Sep-08 Friday,,03,05,23,50
3918,2023-Sep-09 Saturday,,13,22,26,34
3919,2023-Sep-10 Sunday,,17,37,44,54
3920,2023-Sep-11 Monday,,01,13,34,44
3921,2023-Sep-12 Tuesday,,03,12,14,34
3922,2023-Sep-13 Wednesday,,09,15,17,28
3923,2023-Sep-14 Thursday,,13,27,48,61
3924,2023-Sep-15 Friday,,21,27,41,42
3925,2023-Sep-16 Saturday,,22,29,34,60
3926,2023-Sep-17 Sunday,,03,15,30,45
3927,2023-Sep-18 Monday,,10,28,33,36
3928,2023-Sep-19 Tuesday,,01,06,24,30
3929,2023-Sep-20 Wednesday,,19,27,39,57
3930,2023-Sep-21 Thursday,,08,12,21,51
3931,2023-Sep-22 Friday,,01,05,13,59
3932,2023-Sep-23 Saturday,,09,26,29,57
3933,2023-Sep-24 Sunday,,14,31,36,45
3934,2023-Sep-25 Monday,,11,36,46,57
3935,2023-Sep-26 Tuesday,,26,49,58,60
3936,2023-Sep-27 Wednesday,,15,19,25,36
3937,2023-Sep-28 Thursday,,09,14,50,62
3938,2023-Sep-29 Friday,,13,31,41,54
3939,2023-Sep-30 Saturday,,06,43,50,57
3940,2023-Oct-01 Sunday,,14,24,27,38
3941,2023-Oct-02 Monday,,17,29,49,55
3942,2023-Oct-03 Tuesday,,05,49,55,58
3943,2023-Oct-04 Wednesday,,01,31,47,49
3944,2023-Oct-05 Thursday,,07,15,19,46
3945,2023-Oct-06 Friday,,14,31,43,45
3946,2023-Oct-07 Saturday,,09,16,48,57
3947,2023-Oct-08 Sunday,,28,40,46,58
3948,2023-Oct-09 Monday,,03,31,34,44
3949,2023-Oct-10 Tuesday,,12,31,44,45
3950,2023-Oct-11 Wednesday,,18,40,49,53
3951,2023-Oct-12 Thursday,,15,23,35,56
3952,2023-Oct-13 Friday,,01,02,10,36
3953,2023-Oct-14 Saturday,,06,07,42,48
3954,2023-Oct-15 Sunday,,15,16,23,47
3955,2023-Oct-16 Monday,,24,25,26,60
3956,2023-Oct-17 Tuesday,,15,19,38,61
3957,2023-Oct-18 Wednesday,,14,16,32,34
3958,2023-Oct-19 Thursday,,03,09,14,18
3959,2023-Oct-20 Friday,,07,22,27,62
3960,2023-Oct-21 Saturday,,14,32,46,61
3961,2023-Oct-22 Sunday,,09,17,22,50
3962,2023-Oct-23 Monday,,01,13,36,51
3963,2023-Oct-24 Tuesday,,03,10,39,53
3964,2023-Oct-25 Wednesday,,01,34,50,59
3965,2023-Oct-26 Thursday,,15,23,31,46
3966,2023-Oct-27 Friday,,01,15,20,48
3967,2023-Oct-28 Saturday,,17,18,29,55
3968,2023-Oct-29 Sunday,,12,34,42,46
3969,2023-Oct-30 Monday,,06,26,38,49
3970,2023-Oct-31 Tuesday,,12,22,47,58
3971,2023-Nov-01 Wednesday,,09,20,60,62
3972,2023-Nov-02 Thursday,,04,22,44,53
3973,2023-Nov-03 Friday,,19,42,48,58
3974,2023-Nov-04 Saturday,,09,18,21,22
3975,2023-Nov-05 Sunday,,27,31,33,46
3976,2023-Nov-06 Monday,,16,25,38,47
3977,2023-Nov-07 Tuesday,,19,20,48,51
3978,2023-Nov-08 Wednesday,,01,18,21,42
3979,2023-Nov-09 Thursday,,12,14,23,48
3980,2023-Nov-10 Friday,,05,48,52,60
3981,2023-Nov-11 Saturday,,07,25,37,52
3982,2023-Nov-12 Sunday,,13,28,36,43
3983,2023-Nov-13 Monday,,09,30,45,47
3984,2023-Nov-14 Tuesday,,02,13,29,62
3985,2023-Nov-15 Wednesday,,16,26,36,56
3986,2023-Nov-16 Thursday,,33,41,44,53
3987,2023-Nov-17 Friday,,03,24,39,60
3988,2023-Nov-18 Saturday,,02,21,28,35
3989,2023-Nov-19 Sunday,,34,38,40,54
3990,2023-Nov-20 Monday,,13,23,34,45
3991,2023-Nov-21 Tuesday,,23,38,41,59
3992,2023-Nov-22 Wednesday,,15,28,31,33
3993,2023-Nov-23 Thursday,,04,16,23,47
3994,2023-Nov-24 Friday,,08,20,28,56
3995,2023-Nov-25 Saturday,,23,45,50,57
3996,2023-Nov-26 Sunday,,25,29,32,56
3997,2023-Nov-27 Monday,,07,53,60,62
3998,2023-Nov-28 Tuesday,,15,37,40,51
3999,2023-Nov-29 Wednesday,,02,03,15,24
4000,2023-Nov-30 Thursday,,17,44,51,59
4001,2023-Dec-01 Friday,,07,30,35,37
4002,2023-Dec-02 Saturday,,06,07,14,54
4003,2023-Dec-03 Sunday,,03,13,19,60
4004,2023-Dec-04 Monday,,09,19,31,49
4005,2023-Dec-05 Tuesday,,08,27,47,48
4006,2023-Dec-06 Wednesday,,14,28,52,62
4007,2023-Dec-07 Thursday,,26,30,48,51
4008,2023-Dec-08 Friday,,05,13,53,58
4009,2023-Dec-09 Saturday,,40,42,54,59
4010,2023-Dec-10 Sunday,,19,26,41,44
4011,2023-Dec-11 Monday,,07,28,29,62
4012,2023-Dec-12 Tuesday,,07,26,44,61
4013,2023-Dec-13 Wednesday,,23,24,30,62
4014,2023-Dec-14 Thursday,,05,14,22,59
4015,2023-Dec-15 Friday,,04,07,14,61
4016,2023-Dec-16 Saturday,,44,46,47,59
4017,2023-Dec-17 Sunday,,27,28,30,40
4018,2023-Dec-18 Monday,,10,32,53,58
4019,2023-Dec-19 Tuesday,,25,27,58,61
4020,2023-Dec-20 Wednesday,,04,08,14,52
4021,2023-Dec-21 Thursday,,22,49,52,57
4022,2023-Dec-22 Friday,,14,33,38,43
4023,2023-Dec-23 Saturday,,03,06,13,19
4024,2023-Dec-24 Sunday,,33,38,40,54
4025,2023-Dec-25 Monday,,17,27,28,59
4026,2023-Dec-26 Tuesday,,05,07,32,46
4027,2023-Dec-27 Wednesday,,04,24,35,54
4028,2023-Dec-28 Thursday,,07,25,30,62
4029,2023-Dec-29 Friday,,08,15,32,62
4030,2023-Dec-30 Saturday,,06,14,26,36
4031,2023-Dec-31 Sunday,,08,14,31,47
4032,2024-Jan-01 Monday,,01,02,37,48
4033,2024-Jan-02 Tuesday,,05,10,36,37
4034,2024-Jan-03 Wednesday,,25,26,32,59
4035,2024-Jan-04 Thursday,,10,13,25,59
4036,2024-Jan-05 Friday,,01,14,34,36
4037,2024-Jan-06 Saturday,,02,03,49,50
4038,2024-Jan-07 Sunday,,08,14,47,51
4039,2024-Jan-08 Monday,,11,43,55,62
4040,2024-Jan-09 Tuesday,,12,21,36,48
4041,2024-Jan-10 Wednesday,,12,31,36,54
4042,2024-Jan-11 Thursday,,06,09,52,56
4043,2024-Jan-12 Friday,,11,32,54,57
4044,2024-Jan-13 Saturday,,24,34,35,36
4045,2024-Jan-14 Sunday,,06,07,35,46
4046,2024-Jan-15 Monday,,06,18,47,61
4047,2024-Jan-16 Tuesday,,14,29,38,46
4048,2024-Jan-17 Wednesday,,33,51,55,58
4049,2024-Jan-18 Thursday,,21,25,34,43
4050,2024-Jan-19 Friday,,06,40,47,50
4051,2024-Jan-20 Saturday,,02,05,44,49
4052,2024-Jan-21 Sunday,,08,15,40,59
4053,2024-Jan-22 Monday,,43,54,56,62
4054,2024-Jan-23 Tuesday,,44,51,56,61
4055,2024-Jan-24 Wednesday,,10,27,44,50
4056,2024-Jan-25 Thursday,,10,31,35,57
4057,2024-Jan-26 Friday,,30,37,41,60
4058,2024-Jan-27 Saturday,,21,36,42,50
4059,2024-Jan-28 Sunday,,01,14,52,59
4060,2024-Jan-29 Monday,,01,17,28,48
4061,2024-Jan-30 Tuesday,,06,16,35,59
4062,2024-Jan-31 Wednesday,,12,14,16,52
4063,2024-Feb-01 Thursday,,09,11,41,50
4064,2024-Feb-02 Friday,,21,37,49,61
4065,2024-Feb-03 Saturday,,19,42,58,62
4066,2024-Feb-04 Sunday,,07,24,42,49
4067,2024-Feb-05 Monday,,10,16,30,39
4068,2024-Feb-06 Tuesday,,08,37,42,60
4069,2024-Feb-07 Wednesday,,11,36,53,60
4070,2024-Feb-08 Thursday,,29,31,39,41
4071,2024-Feb-09 Friday,,01,06,33,45
4072,2024-Feb-10 Saturday,,10,18,49,62
4073,2024-Feb-11 Sunday,,29,39,42,46
4074,2024-Feb-12 Monday,,03,23,43,54
4075,2024-Feb-13 Tuesday,,27,38,41,50
4076,2024-Feb-14 Wednesday,,20,36,43,59
4077,2024-Feb-15 Thursday,,24,38,43,44
4078,2024-Feb-16 Friday,,32,44,60,62
4079,2024-Feb-17 Saturday,,18,27,33,53
4080,2024-Feb-18 Sunday,,23,24,34,61
4081,2024-Feb-19 Monday,,25,40,47,59
4082,2024-Feb-20 Tuesday,,09,40,54,56
4083,2024-Feb-21 Wednesday,,02,31,39,40
4084,2024-Feb-22 Thursday,,11,22,41,50
4085,2024-Feb-23 Friday,,21,25,31,57
4086,2024-Feb-24 Saturday,,02,52,58,59
4087,2024-Feb-25 Sunday,,01,02,42,48
4088,2024-Feb-26 Monday,,35,39,44,60
4089,2024-Feb-27 Tuesday,,04,28,47,57
4090,2024-Feb-28 Wednesday,,11,26,31,42
4091,2024-Feb-29 Thursday,,05,18,31,62
4092,2024-Mar-01 Friday,,06,19,32,45
4093,2024-Mar-02 Saturday,,12,23,25,37
4094,2024-Mar-03 Sunday,,01,27,41,49
4095,2024-Mar-04 Monday,,09,16,29,37
4096,2024-Mar-05 Tuesday,,17,18,27,58
4097,2024-Mar-06 Wednesday,,09,14,31,59
4098,2024-Mar-07 Thursday,,30,50,53,58
4099,2024-Mar-08 Friday,,13,38,48,53
4100,2024-Mar-09 Saturday,,06,29,46,51
4101,2024-Mar-10 Sunday,,30,41,45,55
4102,2024-Mar-11 Monday,,01,03,34,57
4103,2024-Mar-12 Tuesday,,08,26,47,48
4104,2024-Mar-13 Wednesday,,17,36,41,50
4105,2024-Mar-14 Thursday,,04,05,11,37
4106,2024-Mar-15 Friday,,10,55,57,62
4107,2024-Mar-16 Saturday,,16,21,27,28
4108,2024-Mar-17 Sunday,,01,25,37,49
4109,2024-Mar-18 Monday,,05,29,38,58
4110,2024-Mar-19 Tuesday,,03,15,38,61
4111,2024-Mar-20 Wednesday,,09,13,28,61
4112,2024-Mar-21 Thursday,,04,05,07,23
4113,2024-Mar-22 Friday,,26,30,32,49
4114,2024-Mar-23 Saturday,,15,16,44,49
4115,2024-Mar-24 Sunday,,09,11,24,42
4116,2024-Mar-25 Monday,,04,08,21,43
4117,2024-Mar-26 Tuesday,,17,18,42,58
4118,2024-Mar-27 Wednesday,,10,21,28,32
4119,2024-Mar-28 Thursday,,13,21,36,52
4120,2024-Mar-29 Friday,,08,13,29,42
4121,2024-Mar-30 Saturday,,02,51,52,59
4122,2024-Mar-31 Sunday,,12,18,26,38
4123,2024-Apr-01 Monday,,07,26,28,47
4124,2024-Apr-02 Tuesday,,01,18,49,54
4125,2024-Apr-03 Wednesday,,01,06,32,58
4126,2024-Apr-04 Thursday,,07,20,35,41
4127,2024-Apr-05 Friday,,13,17,41,56
4128,2024-Apr-06 Saturday,,15,22,25,60
4129,2024-Apr-07 Sunday,,03,05,30,34
4130,2024-Apr-08 Monday,,19,34,39,52
4131,2024-Apr-09 Tuesday,,17,21,30,48
4132,2024-Apr-10 Wednesday,,13,47,49,61
4133,2024-Apr-11 Thursday,,02,16,26,42
4134,2024-Apr-17 Wednesday,,22,28,47,49
4135,2024-Apr-18 Thursday,,19,37,51,52
4136,2024-Apr-19 Friday,,19,24,28,29
4137,2024-Apr-20 Saturday,,11,23,27,30
4138,2024-Apr-21 Sunday,,03,36,55,62
4139,2024-Apr-22 Monday,,05,08,40,50
4140,2024-Apr-23 Tuesday,,01,08,41,56
4141,2024-Apr-24 Wednesday,,03,07,37,62
4142,2024-Apr-25 Thursday,,44,48,55,57
4143,2024-Apr-26 Friday,,25,41,42,57
4144,2024-Apr-27 Saturday,,05,28,43,53
4145,2024-Apr-28 Sunday,,04,19,57,59
4146,2024-Apr-29 Monday,,29,37,38,48
4147,2024-Apr-30 Tuesday,,13,44,57,62
4148,2024-May-01 Wednesday,,15,36,37,56
4149,2024-May-02 Thursday,,13,25,44,55
4150,2024-May-03 Friday,,02,25,27,41
4151,2024-May-04 Saturday,,01,20,28,30
4152,2024-May-05 Sunday,,06,39,40,44
4153,2024-May-06 Monday,,10,18,28,29
4154,2024-May-07 Tuesday,,01,26,39,42
4155,2024-May-08 Wednesday,,21,48,49,62
4156,2024-May-09 Thursday,,10,11,28,30
4157,2024-May-10 Friday,,03,10,27,29
4158,2024-May-11 Saturday,,01,09,44,55
4159,2024-May-12 Sunday,,01,37,47,59
4160,2024-May-13 Monday,,07,13,46,57
4161,2024-May-14 Tuesday,,06,54,55,61
4162,2024-May-15 Wednesday,,05,11,51,55
4163,2024-May-16 Thursday,,14,24,36,48
4164,2024-May-17 Friday,,02,10,37,57
4165,2024-May-18 Saturday,,28,34,46,54
4166,2024-May-19 Sunday,,41,47,58,62
4167,2024-May-20 Monday,,21,39,42,44
4168,2024-May-21 Tuesday,,18,34,36,58
4169,2024-May-22 Wednesday,,01,02,20,21
4170,2024-May-25 Saturday,,45,54,55,61
4171,2024-May-26 Sunday,,04,15,39,50
4172,2024-May-27 Monday,,17,19,37,49
4173,2024-May-28 Tuesday,,15,37,44,52
4174,2024-May-29 Wednesday,,15,16,29,36
4175,2024-May-30 Thursday,,32,41,47,58
4176,2024-May-31 Friday,,03,28,44,48
4177,2024-Jun-01 Saturday,,01,04,42,58
4178,2024-Jun-02 Sunday,,03,25,33,60
4179,2024-Jun-03 Monday,,21,27,35,53
4180,2024-Jun-04 Tuesday,,36,43,46,48
4181,2024-Jun-05 Wednesday,,11,12,33,47
4182,2024-Jun-06 Thursday,,08,45,47,50
4183,2024-Jun-07 Friday,,04,29,35,62
4184,2024-Jun-08 Saturday,,24,37,49,56
4185,2024-Jun-09 Sunday,,37,41,54,57
4186,2024-Jun-10 Monday,,04,07,11,31
4187,2024-Jun-11 Tuesday,,18,20,32,48
4188,2024-Jun-12 Wednesday,,07,09,32,33
4189,2024-Jun-13 Thursday,,24,26,51,56
4190,2024-Jun-14 Friday,,18,34,42,55
4191,2024-Jun-15 Saturday,,29,32,38,52
4192,2024-Jun-16 Sunday,,04,25,32,52
4193,2024-Jun-17 Monday,,32,40,50,54
4194,2024-Jun-18 Tuesday,,02,13,17,56
4195,2024-Jun-19 Wednesday,,17,43,46,55
4196,2024-Jun-20 Thursday,,04,12,16,23
4197,2024-Jun-21 Friday,,17,28,41,49
4198,2024-Jun-22 Saturday,,29,34,37,48
4199,2024-Jun-23 Sunday,,06,12,60,62
4200,2024-Jun-24 Monday,,20,38,47,48
4201,2024-Jun-25 Tuesday,,13,36,54,56
4202,2024-Jun-26 Wednesday,,07,29,32,36
4203,2024-Jun-27 Thursday,,09,29,42,52
4204,2024-Jun-28 Friday,,06,07,12,38
4205,2024-Jun-29 Saturday,,22,23,24,28
4206,2024-Jun-30 Sunday,,06,08,16,34
4207,2024-Jul-01 Monday,,11,14,33,58
4208,2024-Jul-02 Tuesday,,15,22,24,45
4209,2024-Jul-03 Wednesday,,01,28,37,58
4210,2024-Jul-04 Thursday,,10,14,16,62
4211,2024-Jul-05 Friday,,21,35,50,53
4212,2024-Jul-06 Saturday,,12,26,38,51
4213,2024-Jul-07 Sunday,,08,13,40,48
4214,2024-Jul-08 Monday,,05,31,52,57
4215,2024-Jul-09 Tuesday,,04,14,24,49
4216,2024-Jul-10 Wednesday,,29,40,43,54
4217,2024-Jul-11 Thursday,,21,24,34,48
4218,2024-Jul-12 Friday,,04,10,36,57
4219,2024-Jul-13 Saturday,,04,18,21,46
4220,2024-Jul-14 Sunday,,04,07,15,29
4221,2024-Jul-15 Monday,,05,16,36,56
4222,2024-Jul-16 Tuesday,,09,26,28,38
4223,2024-Jul-17 Wednesday,,06,29,31,49
4224,2024-Jul-18 Thursday,,37,42,50,58
4225,2024-Jul-19 Friday,,31,39,57,61
4226,2024-Jul-20 Saturday,,27,34,46,55
4227,2024-Jul-21 Sunday,,18,19,41,49
4228,2024-Jul-22 Monday,,11,25,32,38
4229,2024-Jul-23 Tuesday,,20,22,41,55
4230,2024-Jul-24 Wednesday,,10,25,42,51
4231,2024-Jul-25 Thursday,,20,27,29,50
4232,2024-Jul-26 Friday,,03,12,38,49
4233,2024-Jul-27 Saturday,,28,35,37,42
4234,2024-Jul-28 Sunday,,12,26,32,61
4235,2024-Jul-29 Monday,,23,27,40,51
4236,2024-Jul-30 Tuesday,,05,23,26,49
4237,2024-Jul-31 Wednesday,,39,44,54,55
4238,2024-Aug-01 Thursday,,14,19,24,26
4239,2024-Aug-02 Friday,,01,23,32,34
4240,2024-Aug-03 Saturday,,31,38,46,62
4241,2024-Aug-04 Sunday,,05,17,43,49
4242,2024-Aug-05 Monday,,05,13,20,28
4243,2024-Aug-06 Tuesday,,31,56,58,62
4244,2024-Aug-07 Wednesday,,20,28,48,52
4245,2024-Aug-08 Thursday,,05,14,56,61
4246,2024-Aug-09 Friday,,14,15,35,43
4247,2024-Aug-10 Saturday,,02,14,45,59
4248,2024-Aug-11 Sunday,,13,15,47,55
4249,2024-Aug-12 Monday,,13,35,50,52
4250,2024-Aug-13 Tuesday,,12,18,29,51
4251,2024-Aug-14 Wednesday,,06,22,51,52
4252,2024-Aug-15 Thursday,,04,17,21,52
4253,2024-Aug-16 Friday,,19,28,31,47
4254,2024-Aug-17 Saturday,,07,17,25,58
4255,2024-Aug-18 Sunday,,05,19,29,47
4256,2024-Aug-19 Monday,,50,52,60,61
4257,2024-Aug-20 Tuesday,,04,27,30,52
4258,2024-Aug-21 Wednesday,,03,05,33,50
4259,2024-Aug-22 Thursday,,14,16,25,35
4260,2024-Aug-23 Friday,,03,36,52,53
4261,2024-Aug-24 Saturday,,07,17,55,61
4262,2024-Aug-25 Sunday,,08,21,43,61
4263,2024-Aug-26 Monday,,09,12,47,48
4264,2024-Aug-27 Tuesday,,39,50,54,58
4265,2024-Aug-28 Wednesday,,02,09,10,48
4266,2024-Aug-29 Thursday,,22,44,45,60
4267,2024-Aug-30 Friday,,20,36,52,54
4268,2024-Aug-31 Saturday,,30,40,47,53
4269,2024-Sep-01 Sunday,,34,57,58,62
4270,2024-Sep-02 Monday,,08,17,28,57
4271,2024-Sep-03 Tuesday,,18,39,49,54
4272,2024-Sep-04 Wednesday,,01,03,15,27
4273,2024-Sep-05 Thursday,,24,31,33,56
4274,2024-Sep-06 Friday,,24,25,34,41
4275,2024-Sep-07 Saturday,,26,36,44,48
4276,2024-Sep-08 Sunday,,17,19,23,24
4277,2024-Sep-09 Monday,,06,13,56,62
4278,2024-Sep-10 Tuesday,,13,23,34,40
4279,2024-Sep-11 Wednesday,,29,30,31,47
4280,2024-Sep-12 Thursday,,04,05,44,53
4281,2024-Sep-13 Friday,,05,29,38,49
4282,2024-Sep-14 Saturday,,15,19,45,52
4283,2024-Sep-15 Sunday,,09,30,42,60
4284,2024-Sep-16 Monday,,15,17,37,58
4285,2024-Sep-17 Tuesday,,15,28,56,57
4286,2024-Sep-18 Wednesday,,07,13,30,53
4287,2024-Sep-19 Thursday,,30,36,56,60
4288,2024-Sep-20 Friday,,23,35,41,60
4289,2024-Sep-21 Saturday,,02,05,08,38
4290,2024-Sep-23 Monday,,06,33,37,51
4291,2024-Sep-24 Tuesday,,25,30,37,42
4292,2024-Sep-25 Wednesday,,03,30,34,37
4293,2024-Sep-26 Thursday,,24,30,44,58
4294,2024-Sep-27 Friday,,10,13,33,52
4295,2024-Sep-28 Saturday,,17,52,53,55
4296,2024-Sep-29 Sunday,,21,26,37,49
4297,2024-Sep-30 Monday,,04,22,30,36
4298,2024-Oct-01 Tuesday,,17,41,42,48
4299,2024-Oct-02 Wednesday,,04,17,20,49
4300,2024-Oct-03 Thursday,,15,18,34,62
4301,2024-Oct-04 Friday,,07,17,42,50
4302,2024-Oct-05 Saturday,,07,10,36,44
4303,2024-Oct-06 Sunday,,15,26,42,62
4304,2024-Oct-07 Monday,,14,40,51,59
4305,2024-Oct-08 Tuesday,,11,18,30,39
4306,2024-Oct-09 Wednesday,,03,06,11,41
4307,2024-Oct-10 Thursday,,07,30,32,33
4308,2024-Oct-11 Friday,,16,27,45,56
4309,2024-Oct-12 Saturday,,15,26,34,48
4310,2024-Oct-13 Sunday,,12,28,39,41
4311,2024-Oct-14 Monday,,05,41,51,62
4312,2024-Oct-15 Tuesday,,11,12,29,56
4313,2024-Oct-16 Wednesday,,15,27,44,47
4314,2024-Oct-17 Thursday,,23,48,49,50
4315,2024-Oct-18 Friday,,17,28,40,57
4316,2024-Oct-19 Saturday,,13,31,45,46
4317,2024-Oct-20 Sunday,,04,13,26,51
4318,2024-Oct-21 Monday,,04,37,52,56
4319,2024-Oct-22 Tuesday,,14,20,51,56
4320,2024-Oct-23 Wednesday,,07,23,50,53
4321,2024-Oct-24 Thursday,,11,35,40,55
4322,2024-Oct-25 Friday,,16,23,44,45
4323,2024-Oct-26 Saturday,,12,25,33,54
4324,2024-Oct-27 Sunday,,07,13,24,28
4325,2024-Oct-28 Monday,,15,21,33,41
4326,2024-Oct-29 Tuesday,,23,52,57,60
4327,2024-Oct-30 Wednesday,,08,23,31,57
4328,2024-Oct-31 Thursday,,04,46,47,52
4329,2024-Nov-01 Friday,,04,10,32,33
4330,2024-Nov-02 Saturday,,17,35,38,50
4331,2024-Nov-03 Sunday,,25,45,50,53
4332,2024-Nov-04 Monday,,07,17,20,35
4333,2024-Nov-05 Tuesday,,07,21,23,39
4334,2024-Nov-06 Wednesday,,09,10,51,53
4335,2024-Nov-07 Thursday,,08,15,30,43
4336,2024-Nov-08 Friday,,15,28,34,55
4337,2024-Nov-09 Saturday,,08,20,47,50
4338,2024-Nov-10 Sunday,,16,36,45,58
4339,2024-Nov-11 Monday,,18,19,48,58
4340,2024-Nov-12 Tuesday,,18,23,27,47
4341,2024-Nov-13 Wednesday,,01,07,19,42
4342,2024-Nov-14 Thursday,,01,07,30,55
4343,2024-Nov-16 Saturday,,07,11,20,52
4344,2024-Nov-17 Sunday,,35,44,47,57
4345,2024-Nov-18 Monday,,37,47,51,61
4346,2024-Nov-19 Tuesday,,11,27,48,52
4347,2024-Nov-20 Wednesday,,07,13,22,26
4348,2024-Nov-21 Thursday,,10,30,34,39
4349,2024-Nov-22 Friday,,04,12,43,49
4350,2024-Nov-23 Saturday,,22,23,42,50
4351,2024-Nov-24 Sunday,,12,19,35,36
4352,2024-Nov-25 Monday,,20,22,31,50
4353,2024-Nov-26 Tuesday,,02,43,52,61
4354,2024-Nov-27 Wednesday,,07,24,57,58
4355,2024-Nov-28 Thursday,,28,35,38,54
4356,2024-Nov-29 Friday,,21,37,46,51
4357,2024-Nov-30 Saturday,,03,25,46,54
4358,2024-Dec-01 Sunday,,03,24,26,29
4359,2024-Dec-02 Monday,,09,41,46,48
4360,2024-Dec-03 Tuesday,,15,26,36,59
4361,2024-Dec-04 Wednesday,,03,11,34,46
4362,2024-Dec-05 Thursday,,17,27,39,53
4363,2024-Dec-06 Friday,,22,23,26,53
4364,2024-Dec-07 Saturday,,13,29,45,48
4365,2024-Dec-08 Sunday,,12,17,41,42
4366,2024-Dec-09 Monday,,06,51,53,61
4367,2024-Dec-10 Tuesday,,05,32,33,37
4368,2024-Dec-11 Wednesday,,18,21,52,60
4369,2024-Dec-12 Thursday,,01,04,18,39
4370,2024-Dec-13 Friday,,09,10,40,51
4371,2024-Dec-14 Saturday,,25,33,41,55
4372,2024-Dec-15 Sunday,,20,23,58,59
4373,2024-Dec-16 Monday,,09,10,45,60
4374,2024-Dec-17 Tuesday,,03,34,37,48
4375,2024-Dec-18 Wednesday,,13,36,41,62
4376,2024-Dec-19 Thursday,,04,15,34,40
4377,2024-Dec-20 Friday,,02,25,36,58
4378,2024-Dec-21 Saturday,,09,23,39,60
4379,2024-Dec-22 Sunday,,05,07,12,17
4380,2024-Dec-23 Monday,,14,16,19,56
4381,2024-Dec-24 Tuesday,,13,32,57,59
4382,2024-Dec-25 Wednesday,,25,33,50,60
4383,2024-Dec-26 Thursday,,09,17,32,51
4384,2024-Dec-27 Friday,,15,24,28,41
4385,2024-Dec-28 Saturday,,30,34,47,55
4386,2024-Dec-29 Sunday,,29,37,42,49
4387,2024-Dec-30 Monday,,12,35,44,62
4388,2024-Dec-31 Tuesday,,06,21,52,57
4389,2025-Jan-01 Wednesday,,03,05,08,51
4390,2025-Jan-02 Thursday,,03,35,41,48
4391,2025-Jan-03 Friday,,09,13,17,43
4392,2025-Jan-04 Saturday,,04,14,32,59
4393,2025-Jan-05 Sunday,,22,26,41,62
4394,2025-Jan-06 Monday,,02,10,19,58
4395,2025-Jan-07 Tuesday,,12,41,43,51
4396,2025-Jan-08 Wednesday,,23,35,42,48
4397,2025-Jan-09 Thursday,,07,25,28,48
4398,2025-Jan-10 Friday,,08,49,57,62
4399,2025-Jan-11 Saturday,,20,25,47,59
4400,2025-Jan-12 Sunday,,09,15,42,52
4401,2025-Jan-13 Monday,,13,24,27,54
4402,2025-Jan-14 Tuesday,,20,44,47,61
4403,2025-Jan-15 Wednesday,,13,16,19,24
4404,2025-Jan-16 Thursday,,05,17,28,38
4405,2025-Jan-17 Friday,,04,08,32,56
4406,2025-Jan-18 Saturday,,05,11,18,19
4407,2025-Jan-19 Sunday,,09,25,47,61
4408,2025-Jan-20 Monday,,04,41,51,54
4409,2025-Jan-21 Tuesday,,29,45,51,57
4410,2025-Jan-22 Wednesday,,06,27,41,58
4411,2025-Jan-23 Thursday,,21,34,38,62
4412,2025-Jan-24 Friday,,04,14,42,62
4413,2025-Jan-25 Saturday,,28,45,46,50
4414,2025-Jan-26 Sunday,,13,37,52,54
4415,2025-Jan-27 Monday,,07,09,20,27
4416,2025-Jan-28 Tuesday,,04,09,44,53
4417,2025-Jan-29 Wednesday,,20,27,30,57
4418,2025-Jan-30 Thursday,,05,08,22,37
4419,2025-Jan-31 Friday,,02,40,48,56
4420,2025-Feb-01 Saturday,,11,26,27,56
4421,2025-Feb-02 Sunday,,08,09,16,54
4422,2025-Feb-03 Monday,,27,30,39,46
4423,2025-Feb-04 Tuesday,,13,25,31,55
4424,2025-Feb-05 Wednesday,,08,21,29,56
4425,2025-Feb-06 Thursday,,10,32,37,52
4426,2025-Feb-07 Friday,,20,24,27,56
4427,2025-Feb-08 Saturday,,17,48,53,57
4428,2025-Feb-09 Sunday,,31,39,42,60
4429,2025-Feb-10 Monday,,01,34,38,58
4430,2025-Feb-11 Tuesday,,10,16,43,59
4431,2025-Feb-12 Wednesday,,02,14,16,42
4432,2025-Feb-13 Thursday,,24,26,30,44
4433,2025-Feb-14 Friday,,06,09,17,27
4434,2025-Feb-15 Saturday,,05,24,39,55
4435,2025-Feb-16 Sunday,,06,09,29,61
4436,2025-Feb-17 Monday,,28,33,55,59
4437,2025-Feb-18 Tuesday,,23,28,47,51
4438,2025-Feb-19 Wednesday,,16,27,29,60
4439,2025-Feb-20 Thursday,,11,15,25,57
4440,2025-Feb-21 Friday,,09,10,45,56
4441,2025-Feb-22 Saturday,,01,08,24,46
4442,2025-Feb-23 Sunday,,03,06,10,24
4443,2025-Feb-24 Monday,,09,14,16,17
4444,2025-Feb-25 Tuesday,,33,38,41,43
4445,2025-Feb-26 Wednesday,,02,18,26,37
4446,2025-Feb-27 Thursday,,17,25,36,53
4447,2025-Feb-28 Friday,,03,06,08,11
4448,2025-Mar-01 Saturday,,12,41,54,61
4449,2025-Mar-02 Sunday,,03,04,10,56
4450,2025-Mar-03 Monday,,05,15,31,45
4451,2025-Mar-04 Tuesday,,22,27,57,60
4452,2025-Mar-05 Wednesday,,06,38,48,54
4453,2025-Mar-06 Thursday,,10,46,60,62
4454,2025-Mar-07 Friday,,06,25,47,53
4455,2025-Mar-08 Saturday,,11,17,32,44
4456,2025-Mar-09 Sunday,,05,22,35,50
4457,2025-Mar-10 Monday,,07,43,45,55
4458,2025-Mar-11 Tuesday,,20,25,46,53
4459,2025-Mar-12 Wednesday,,09,45,47,54
4460,2025-Mar-13 Thursday,,42,48,59,62
4461,2025-Mar-14 Friday,,05,17,43,62
4462,2025-Mar-15 Saturday,,11,22,45,47
4463,2025-Mar-16 Sunday,,06,25,39,60
4464,2025-Mar-17 Monday,,25,30,48,62
4465,2025-Mar-18 Tuesday,,14,24,32,49
4466,2025-Mar-19 Wednesday,,24,30,41,57
4467,2025-Mar-20 Thursday,,31,35,51,59
4468,2025-Mar-21 Friday,,02,17,35,49
4469,2025-Mar-22 Saturday,,17,19,26,44
4470,2025-Mar-23 Sunday,,05,19,26,32
4471,2025-Mar-24 Monday,,07,08,11,54
4472,2025-Mar-25 Tuesday,,29,44,46,50
4473,2025-Mar-26 Wednesday,,17,21,40,49
4474,2025-Mar-27 Thursday,,18,25,46,60
4475,2025-Mar-28 Friday,,26,27,41,60
4476,2025-Mar-29 Saturday,,01,07,32,33
4477,2025-Mar-30 Sunday,,02,07,30,43
4478,2025-Mar-31 Monday,,09,23,36,54
4479,2025-Apr-01 Tuesday,,06,17,22,46
4480,2025-Apr-02 Wednesday,,20,25,40,53
4481,2025-Apr-03 Thursday,,15,31,37,60
4482,2025-Apr-04 Friday,,23,29,51,55
4483,2025-Apr-05 Saturday,,26,27,30,33
4484,2025-Apr-06 Sunday,,01,10,33,35
4485,2025-Apr-07 Monday,,07,10,37,46
4486,2025-Apr-08 Tuesday,,13,18,21,40
4487,2025-Apr-09 Wednesday,,05,30,48,49
4488,2025-Apr-10 Thursday,,06,07,44,45
4489,2025-Apr-11 Friday,,02,07,53,60
4490,2025-Apr-12 Saturday,,19,28,47,59
4491,2025-Apr-18 Friday,,20,22,32,55
4492,2025-Apr-19 Saturday,,36,46,52,53
4493,2025-Apr-20 Sunday,,19,40,58,59
4494,2025-Apr-21 Monday,,13,20,24,46
4495,2025-Apr-22 Tuesday,,08,26,47,51
4496,2025-Apr-23 Wednesday,,08,09,15,56
4497,2025-Apr-24 Thursday,,38,48,50,59
4498,2025-Apr-25 Friday,,14,16,24,59
4499,2025-Apr-26 Saturday,,01,14,38,61
4500,2025-Apr-27 Sunday,,02,38,39,56
4501,2025-Apr-28 Monday,,10,40,51,55
4502,2025-Apr-29 Tuesday,,06,11,16,34
4503,2025-Apr-30 Wednesday,,10,23,34,58
4504,2025-May-01 Thursday,,07,13,15,17
4505,2025-May-02 Friday,,12,28,31,48
4506,2025-May-03 Saturday,,10,41,44,49
4507,2025-May-04 Sunday,,11,34,49,60
4508,2025-May-05 Monday,,28,35,45,60
4509,2025-May-06 Tuesday,,19,27,29,39
4510,2025-May-07 Wednesday,,23,29,38,61
4511,2025-May-08 Thursday,,02,36,40,49
4512,2025-May-09 Friday,,13,25,49,52
4513,2025-May-10 Saturday,,11,31,42,60
4514,2025-May-11 Sunday,,13,44,46,59
4515,2025-May-14 Wednesday,,13,45,51,59
4516,2025-May-15 Thursday,,02,17,26,49
4517,2025-May-16 Friday,,13,18,26,50
4518,2025-May-17 Saturday,,01,13,25,27
4519,2025-May-18 Sunday,,15,45,46,49
4520,2025-May-19 Monday,,14,27,45,55
4521,2025-May-20 Tuesday,,06,31,38,53
4522,2025-May-21 Wednesday,,25,27,53,61
4523,2025-May-22 Thursday,,03,28,36,58
4524,2025-May-23 Friday,,17,25,38,44
4525,2025-May-24 Saturday,,01,09,33,37
4526,2025-May-25 Sunday,,05,17,24,46
4527,2025-May-26 Monday,,19,20,25,33
4528,2025-May-27 Tuesday,,05,16,29,58
4529,2025-May-28 Wednesday,,24,56,57,58
4530,2025-May-29 Thursday,,01,29,33,39
4531,2025-May-30 Friday,,39,41,49,50
4532,2025-May-31 Saturday,,01,02,44,52
4533,2025-Jun-01 Sunday,,10,17,18,62
4534,2025-Jun-02 Monday,,08,09,38,56
4535,2025-Jun-03 Tuesday,,08,27,41,48
4536,2025-Jun-04 Wednesday,,04,21,39,46
4537,2025-Jun-05 Thursday,,18,19,29,51
4538,2025-Jun-06 Friday,,09,15,47,50
4539,2025-Jun-07 Saturday,,02,10,30,43
4540,2025-Jun-08 Sunday,,14,37,49,51
4541,2025-Jun-09 Monday,,21,38,51,52
4542,2025-Jun-10 Tuesday,,17,26,47,54
4543,2025-Jun-11 Wednesday,,11,13,20,61
4544,2025-Jun-12 Thursday,,06,07,30,38
4545,2025-Jun-13 Friday,,24,41,42,53
4546,2025-Jun-14 Saturday,,11,15,22,43
4547,2025-Jun-15 Sunday,,03,11,15,19
4548,2025-Jun-16 Monday,,28,38,39,57
4549,2025-Jun-17 Tuesday,,11,29,30,62
4550,2025-Jun-18 Wednesday,,17,29,46,48
4551,2025-Jun-19 Thursday,,18,26,44,45
4552,2025-Jun-20 Friday,,08,31,33,35
4553,2025-Jun-21 Saturday,,15,37,51,62
4554,2025-Jun-22 Sunday,,19,28,49,51
4555,2025-Jun-23 Monday,,11,18,51,59
4556,2025-Jun-24 Tuesday,,09,13,32,56
4557,2025-Jun-25 Wednesday,,06,19,43,60
4558,2025-Jun-26 Thursday,,10,37,38,57
4559,2025-Jun-27 Friday,,15,17,40,50
4560,2025-Jun-28 Saturday,,13,19,35,38
4561,2025-Jun-29 Sunday,,29,36,46,51
4562,2025-Jun-30 Monday,,13,33,36,46
4563,2025-Jul-01 Tuesday,,24,30,53,61
4564,2025-Jul-02 Wednesday,,07,15,28,35
4565,2025-Jul-03 Thursday,,19,39,49,60
4566,2025-Jul-04 Friday,,03,06,15,56
4567,2025-Jul-05 Saturday,,13,21,33,51
4568,2025-Jul-06 Sunday,,14,18,37,44
4569,2025-Jul-07 Monday,,14,15,16,21
4570,2025-Jul-08 Tuesday,,02,03,36,48
4571,2025-Jul-09 Wednesday,,49,51,55,61
4572,2025-Jul-10 Thursday,,01,16,32,44
4573,2025-Jul-11 Friday,,13,31,36,49
4574,2025-Jul-12 Saturday,,09,33,42,44
4575,2025-Jul-13 Sunday,,16,31,33,34
4576,2025-Jul-14 Monday,,04,26,39,56
4577,2025-Jul-15 Tuesday,,37,49,53,62
4578,2025-Jul-16 Wednesday,,33,40,50,54
4579,2025-Jul-17 Thursday,,03,26,27,28
4580,2025-Jul-18 Friday,,01,03,11,22
4581,2025-Jul-19 Saturday,,25,26,27,33
4582,2025-Jul-20 Sunday,,10,35,48,56
4583,2025-Jul-21 Monday,,03,05,52,55
4584,2025-Jul-22 Tuesday,,04,13,34,35
4585,2025-Jul-23 Wednesday,,08,14,37,52
4586,2025-Jul-24 Thursday,,03,17,35,51
4587,2025-Jul-25 Friday,,21,35,56,57
4588,2025-Jul-26 Saturday,,18,19,24,31
4589,2025-Jul-27 Sunday,,12,56,60,61
4590,2025-Jul-28 Monday,,14,20,31,38
4591,2025-Jul-29 Tuesday,,01,15,38,49
4592,2025-Jul-30 Wednesday,,24,45,58,59
4593,2025-Jul-31 Thursday,,04,10,32,38
4594,2025-Aug-01 Friday,,31,39,41,58
4595,2025-Aug-02 Saturday,,02,23,31,50
4596,2025-Aug-03 Sunday,,08,44,48,59
4597,2025-Aug-04 Monday,,31,47,48,51
4598,2025-Aug-05 Tuesday,,09,17,27,43
4599,2025-Aug-06 Wednesday,,16,17,32,59
4600,2025-Aug-07 Thursday,,09,19,20,61
4601,2025-Aug-08 Friday,,27,28,38,56
4602,2025-Aug-09 Saturday,,20,44,46,62
4603,2025-Aug-10 Sunday,,19,46,47,48
4604,2025-Aug-11 Monday,,09,11,29,58
4605,2025-Aug-12 Tuesday,,07,14,37,39
4606,2025-Aug-13 Wednesday,,03,12,20,54
4607,2025-Aug-14 Thursday,,08,18,50,62
4608,2025-Aug-15 Friday,,18,22,36,60
4609,2025-Aug-16 Saturday,,01,07,40,54
4610,2025-Aug-17 Sunday,,13,23,27,55
4611,2025-Aug-18 Monday,,02,04,39,51
4612,2025-Aug-19 Tuesday,,21,39,48,61
4613,2025-Aug-20 Wednesday,,02,30,32,36
4614,2025-Aug-21 Thursday,,24,25,51,58
4615,2025-Aug-22 Friday,,07,13,14,30
4616,2025-Aug-23 Saturday,,05,06,31,51
4617,2025-Aug-24 Sunday,,12,22,23,60
4618,2025-Aug-25 Monday,,02,41,53,57
4619,2025-Aug-26 Tuesday,,16,32,38,52
4620,2025-Aug-27 Wednesday,,19,51,54,60
4621,2025-Aug-28 Thursday,,02,17,22,34
4622,2025-Aug-29 Friday,,03,04,39,50
4623,2025-Aug-30 Saturday,,13,16,41,56
4624,2025-Aug-31 Sunday,,04,08,27,54
4625,2025-Sep-01 Monday,,11,24,45,52
4626,2025-Sep-02 Tuesday,,01,06,40,45
4627,2025-Sep-03 Wednesday,,07,21,34,61
4628,2025-Sep-04 Thursday,,01,17,39,50
4629,2025-Sep-05 Friday,,09,20,32,45
4630,2025-Sep-06 Saturday,,15,48,57,61
4631,2025-Sep-07 Sunday,,06,10,31,54
4632,2025-Sep-08 Monday,,17,28,36,59
4633,2025-Sep-09 Tuesday,,03,11,16,23
4634,2025-Sep-10 Wednesday,,14,26,27,28
4635,2025-Sep-11 Thursday,,09,19,42,58
4636,2025-Sep-12 Friday,,02,05,45,47
4637,2025-Sep-13 Saturday,,02,18,41,52
4638,2025-Sep-14 Sunday,,05,13,29,47
4639,2025-Sep-15 Monday,,37,45,58,61
4640,2025-Sep-16 Tuesday,,14,15,18,46
4641,2025-Sep-17 Wednesday,,17,27,46,53
4642,2025-Sep-18 Thursday,,01,12,15,47
4643,2025-Sep-19 Friday,,11,19,29,36
4644,2025-Sep-20 Saturday,,02,19,20,43
4645,2025-Sep-21 Sunday,,28,53,55,59
4646,2025-Sep-22 Monday,,02,19,29,57
4647,2025-Sep-23 Tuesday,,03,04,09,41
4648,2025-Sep-24 Wednesday,,07,23,34,54
4649,2025-Sep-25 Thursday,,13,27,36,59
4650,2025-Sep-26 Friday,,05,23,31,40
4651,2025-Sep-27 Saturday,,08,38,49,52
4652,2025-Sep-28 Sunday,,22,40,45,53
4653,2025-Sep-29 Monday,,09,20,50,51
4654,2025-Sep-30 Tuesday,,05,19,48,58
4655,2025-Oct-01 Wednesday,,14,15,56,57
4656,2025-Oct-02 Thursday,,03,19,53,56
4657,2025-Oct-03 Friday,,13,40,42,46
4658,2025-Oct-04 Saturday,,35,46,50,51
4659,2025-Oct-05 Sunday,,18,22,38,45
4660,2025-Oct-06 Monday,,06,20,46,59
4661,2025-Oct-07 Tuesday,,11,19,45,52
4662,2025-Oct-08 Wednesday,,02,05,11,15
4663,2025-Oct-09 Thursday,,12,24,37,44
4664,2025-Oct-10 Friday,,28,30,52,56
4665,2025-Oct-11 Saturday,,29,31,39,52
4666,2025-Oct-12 Sunday,,01,07,21,39
4667,2025-Oct-13 Monday,,02,03,37,44
4668,2025-Oct-14 Tuesday,,11,17,29,58
4669,2025-Oct-15 Wednesday,,08,17,18,57
4670,2025-Oct-16 Thursday,,16,34,54,60
4671,2025-Oct-17 Friday,,05,23,49,62
4672,2025-Oct-18 Saturday,,44,52,57,61
4673,2025-Oct-19 Sunday,,04,14,18,51
4674,2025-Oct-20 Monday,,39,46,60,61
4675,2025-Oct-21 Tuesday,,02,24,39,58
4676,2025-Oct-22 Wednesday,,25,29,31,55
4677,2025-Oct-23 Thursday,,06,20,39,49
4678,2025-Oct-24 Friday,,09,37,56,62
4679,2025-Oct-25 Saturday,,07,11,34,35
4680,2025-Oct-26 Sunday,,15,25,33,39
4681,2025-Oct-27 Monday,,12,18,23,46
4682,2025-Oct-28 Tuesday,,08,14,47,62
4683,2025-Oct-29 Wednesday,,08,13,27,37
4684,2025-Oct-30 Thursday,,08,18,31,36
4685,2025-Oct-31 Friday,,18,23,25,40
4686,2025-Nov-01 Saturday,,23,24,25,48
4687,2025-Nov-02 Sunday,,04,39,51,56
4688,2025-Nov-03 Monday,,51,53,56,57
4689,2025-Nov-04 Tuesday,,27,36,44,55
4690,2025-Nov-05 Wednesday,,07,10,23,32
4691,2025-Nov-06 Thursday,,03,29,43,57
4692,2025-Nov-07 Friday,,04,21,37,54
4693,2025-Nov-08 Saturday,,20,27,35,39
4694,2025-Nov-09 Sunday,,05,16,47,58
4695,2025-Nov-10 Monday,,16,26,32,37
4696,2025-Nov-11 Tuesday,,09,14,37,60
4697,2025-Nov-12 Wednesday,,32,45,48,60
4698,2025-Nov-13 Thursday,,39,43,52,61
4699,2025-Nov-14 Friday,,08,18,35,58
4700,2025-Nov-15 Saturday,,03,09,26,32
4701,2025-Nov-16 Sunday,,01,45,54,57
4702,2025-Nov-17 Monday,,04,21,44,56
4703,2025-Nov-18 Tuesday,,05,14,48,50
4704,2025-Nov-19 Wednesday,,43,50,60,61
4705,2025-Nov-20 Thursday,,04,11,41,62
4706,2025-Nov-21 Friday,,02,28,31,56
4707,2025-Nov-22 Saturday,,10,13,22,45
4708,2025-Nov-23 Sunday,,07,31,41,49
4709,2025-Nov-24 Monday,,04,34,52,53
4710,2025-Nov-25 Tuesday,,23,50,51,56
4711,2025-Nov-26 Wednesday,,08,21,43,62
4712,2025-Nov-27 Thursday,,13,40,43,60
4713,2025-Nov-28 Friday,,12,25,28,55
4714,2025-Nov-29 Saturday,,29,49,53,62
4715,2025-Nov-30 Sunday,,12,21,29,56
4716,2025-Dec-01 Monday,,13,25,33,56
4717,2025-Dec-02 Tuesday,,07,43,53,61
4718,2025-Dec-03 Wednesday,,06,10,24,52
4719,2025-Dec-04 Thursday,,10,11,25,61
4720,2025-Dec-05 Friday,,10,36,39,44
4721,2025-Dec-06 Saturday,,05,17,25,58
4722,2025-Dec-07 Sunday,,02,16,25,44
4723,2025-Dec-08 Monday,,10,30,44,49
4724,2025-Dec-09 Tuesday,,01,02,05,23
4725,2025-Dec-10 Wednesday,,03,25,51,61
4726,2025-Dec-11 Thursday,,26,36,41,62
4727,2025-Dec-12 Friday,,06,18,31,42
4728,2025-Dec-13 Saturday,,04,24,41,61
4729,2025-Dec-14 Sunday,,14,18,31,58
4730,2025-Dec-15 Monday,,18,22,32,33
4731,2025-Dec-16 Tuesday,,02,19,47,48
4732,2025-Dec-17 Wednesday,,48,56,57,59
4733,2025-Dec-18 Thursday,,18,20,26,28
4734,2025-Dec-19 Friday,,15,16,43,45
4735,2025-Dec-20 Saturday,,03,25,38,53
4736,2025-Dec-21 Sunday,,16,43,45,53
4737,2025-Dec-22 Monday,,08,14,17,45
4738,2025-Dec-23 Tuesday,,05,35,44,62
4739,2025-Dec-24 Wednesday,,11,19,21,31
4740,2025-Dec-25 Thursday,,08,27,50,55
4741,2025-Dec-26 Friday,,12,34,41,57
4742,2025-Dec-27 Saturday,,18,19,47,60
4743,2025-Dec-28 Sunday,,24,31,42,48
4744,2025-Dec-29 Monday,,12,19,26,52
4745,2025-Dec-30 Tuesday,,02,26,41,55
4746,2025-Dec-31 Wednesday,,19,37,38,47
4747,2026-Jan-01 Thursday,,02,21,54,57
4748,2026-Jan-02 Friday,,20,22,24,59
4749,2026-Jan-03 Saturday,,10,21,41,57
4750,2026-Jan-04 Sunday,,28,42,51,54
4751,2026-Jan-05 Monday,,01,06,12,41
4752,2026-Jan-06 Tuesday,,11,14,23,37
4753,2026-Jan-07 Wednesday,,16,32,43,60
4754,2026-Jan-08 Thursday,,29,30,53,57
4755,2026-Jan-09 Friday,,16,23,35,53
4756,2026-Jan-10 Saturday,,27,31,41,57
4757,2026-Jan-11 Sunday,,09,10,12,34
4758,2026-Jan-12 Monday,,02,08,21,35
4759,2026-Jan-13 Tuesday,,05,06,18,30
4760,2026-Jan-14 Wednesday,,13,35,44,55
4761,2026-Jan-15 Thursday,,25,46,48,62
4762,2026-Jan-16 Friday,,09,44,45,56
4763,2026-Jan-17 Saturday,,14,30,36,37
4764,2026-Jan-18 Sunday,,02,11,38,58
4765,2026-Jan-19 Monday,,23,29,36,54
4766,2026-Jan-20 Tuesday,,07,22,49,59
4767,2026-Jan-21 Wednesday,,03,08,10,20
4768,2026-Jan-22 Thursday,,02,20,40,51
4769,2026-Jan-23 Friday,,14,16,47,55
4770,2026-Jan-24 Saturday,,06,08,15,39
4771,2026-Jan-25 Sunday,,28,33,53,55
4772,2026-Jan-26 Monday,,03,18,56,62
4773,2026-Jan-27 Tuesday,,05,06,16,59
4774,2026-Jan-28 Wednesday,,20,24,41,49
4775,2026-Jan-29 Thursday,,08,09,28,30
4776,2026-Jan-30 Friday,,32,38,44,57
4777,2026-Jan-31 Saturday,,11,13,14,61
4778,2026-Feb-01 Sunday,,12,19,37,41
4779,2026-Feb-02 Monday,,25,35,51,57
4780,2026-Feb-03 Tuesday,,06,24,27,45
4781,2026-Feb-04 Wednesday,,06,16,20,59
4782,2026-Feb-05 Thursday,,01,14,20,43
4783,2026-Feb-06 Friday,,02,19,20,60
4784,2026-Feb-07 Saturday,,15,16,34,39
4785,2026-Feb-08 Sunday,,02,08,18,44
4786,2026-Feb-09 Monday,,09,18,20,38
4787,2026-Feb-10 Tuesday,,10,23,43,44
4788,2026-Feb-11 Wednesday,,12,35,49,51
4789,2026-Feb-12 Thursday,,05,06,07,54
4790,2026-Feb-13 Friday,,15,46,48,57
4791,2026-Feb-14 Saturday,,17,19,29,40
4792,2026-Feb-15 Sunday,,02,23,53,58
4793,2026-Feb-16 Monday,,05,09,20,22
4794,2026-Feb-17 Tuesday,,04,07,09,52
4795,2026-Feb-18 Wednesday,,03,09,35,60
4796,2026-Feb-19 Thursday,,05,13,25,29
4797,2026-Feb-20 Friday,,02,31,39,58
4798,2026-Feb-21 Saturday,,07,49,50,53
4799,2026-Feb-22 Sunday,,22,29,32,56
4800,2026-Feb-23 Monday,,16,19,32,46
4801,2026-Feb-24 Tuesday,,06,07,39,60
4802,2026-Feb-25 Wednesday,,45,47,50,54
4803,2026-Feb-26 Thursday,,01,05,25,26
4804,2026-Feb-27 Friday,,18,24,56,57
4805,2026-Feb-28 Saturday,,31,36,42,50
4806,2026-Mar-01 Sunday,,07,34,50,56
4807,2026-Mar-02 Monday,,06,33,34,57
4808,2026-Mar-03 Tuesday,,10,47,51,54
4809,2026-Mar-04 Wednesday,,24,27,54,59
4810,2026-Mar-05 Thursday,,34,39,40,61
4811,2026-Mar-06 Friday,,09,21,23,43
4812,2026-Mar-07 Saturday,,08,11,40,43
4813,2026-Mar-08 Sunday,,10,23,41,53
4814,2026-Mar-09 Monday,,05,10,36,46
4815,2026-Mar-10 Tuesday,,14,36,49,62
4816,2026-Mar-11 Wednesday,,25,42,58,60
4817,2026-Mar-12 Thursday,,04,18,27,43
4818,2026-Mar-13 Friday,,05,37,40,41
4819,2026-Mar-14 Saturday,,02,36,42,60
4820,2026-Mar-15 Sunday,,19,23,31,54
4821,2026-Mar-16 Monday,,03,29,44,57
4822,2026-Mar-17 Tuesday,,16,30,39,51
4823,2026-Mar-18 Wednesday,,21,24,43,45
4824,2026-Mar-19 Thursday,,18,20,32,38
4825,2026-Mar-20 Friday,,39,47,54,56
4826,2026-Mar-21 Saturday,,17,27,55,57
4827,2026-Mar-22 Sunday,,24,31,40,49
4828,2026-Mar-23 Monday,,02,09,36,56
4829,2026-Mar-24 Tuesday,,03,07,37,44
4830,2026-Mar-25 Wednesday,,06,18,25,53
4831,2026-Mar-26 Thursday,,02,18,25,26
4832,2026-Mar-27 Friday,,02,15,20,54
4833,2026-Mar-28 Saturday,,14,15,18,49
4834,2026-Mar-29 Sunday,,33,34,52,58
4835,2026-Mar-30 Monday,,07,26,42,55
4836,2026-Mar-31 Tuesday,,02,35,47,58
4837,2026-Apr-01 Wednesday,,05,23,50,52
4838,2026-Apr-02 Thursday,,02,13,23,46
4839,2026-Apr-03 Friday,,07,08,31,61
4840,2026-Apr-04 Saturday,,07,18,20,31
4841,2026-Apr-05 Sunday,,06,17,28,32
4842,2026-Apr-06 Monday,,11,27,32,62
4843,2026-Apr-07 Tuesday,,11,21,52,56
4844,2026-Apr-08 Wednesday,,05,06,10,49
4845,2026-Apr-09 Thursday,,08,11,33,45
4846,2026-Apr-10 Friday,,01,33,39,55
4847,2026-Apr-11 Saturday,,09,14,18,59
4848,2026-Apr-12 Sunday,,17,19,46,50
4849,2026-Apr-18 Saturday,,16,19,37,50
4850,2026-Apr-19 Sunday,,06,19,35,38
4851,2026-Apr-20 Monday,,11,23,36,43
4852,2026-Apr-21 Tuesday,,20,29,41,59
4853,2026-Apr-22 Wednesday,,05,13,30,55
4854,2026-Apr-23 Thursday,,02,06,09,20
4855,2026-Apr-24 Friday,,04,29,47,53
4856,2026-Apr-25 Saturday,,12,17,48,62
4857,2026-Apr-26 Sunday,,17,22,29,54
4858,2026-Apr-27 Monday,,03,11,28,58
4859,2026-Apr-28 Tuesday,,22,35,41,48
4860,2026-Apr-29 Wednesday,,02,16,22,62
4861,2026-Apr-30 Thursday,,18,20,31,59
4862,2026-May-01 Friday,,02,20,47,52
4863,2026-May-02 Saturday,,03,17,20,47
